"Date","Tournament","Finish Pos.","SG: Around-the-Green","Sand Save Percentage","Proximity to Hole from Sand","Scrambling","Scrambling from the Fringe","Scrambling from the Rough","Scrambling from > 30 yards","Scrambling from 20-30 yards","Scrambling from 10-20 yards","Scrambling from < 10 yards"
"1/13/2019","Sony Open in Hawaii","CUT","-1.702","57.14","7' 9""","53.85","100.00","25.00","50.00","33.33","50.00","66.67"
"1/6/2019","Sentry T of C","31","-.118",".00","27' 5""","50.00","100.00","33.33",".00","42.86","33.33","100.00"
"12/9/2018","(*) QBE Shootout","T6","-","-","-","-","-","-","-","-","-","-"
"12/2/2018","(*) Hero World Challenge","T12","-","-","-","-","-","-","-","-","-","-"
"9/30/2018","(*) Ryder Cup","-","-","-","-","-","-","-","-","-","-","-"
"9/23/2018","TOUR Championship","29","-1.508","33.33","9' 11""","51.35","-","55.56","66.67","25.00","61.54","55.56"
"9/9/2018","BMW Championship","T16","-.120","40.00","13' 11""","75.00","100.00","75.00","33.33","100.00","77.78","100.00"
"9/3/2018","Dell Technologies Champ","T7",".278","50.00","11' 10""","69.57","100.00","66.67",".00","100.00","50.00","100.00"
"8/26/2018","THE NORTHERN TRUST","T34",".465","50.00","7' 0""","63.64","100.00","71.43","60.00","100.00","45.45","100.00"
"8/12/2018","PGA Championship","CUT","-.323","25.00","10' 8""","50.00","-",".00","50.00","50.00","28.57","100.00"
"8/5/2018","WGC-Bridgestone Invit'l","T31","-.024","50.00","11' 6""","48.15","100.00","46.15","25.00",".00","44.44","87.50"
"7/29/2018","RBC Canadian Open","CUT","-.695","33.33","20' 4""","53.85","-","60.00",".00","100.00","25.00","100.00"
"7/22/2018","The Open Championship","CUT","-","33.33","-","50.00","-","-","-","-","-","-"
"7/8/2018","The Greenbrier","T13","-.012","80.00","6' 2""","58.33","100.00","50.00","33.33","40.00","50.00","75.00"
"6/24/2018","Travelers Championship","1",".962","66.67","14' 5""","56.25","100.00","37.50",".00","50.00","83.33","50.00"
"6/17/2018","U.S. Open","CUT","-.731",".00","14' 6""","37.50","100.00","50.00","22.22","100.00","40.00","-"
"6/3/2018","the Memorial Tournament","T44",".007","45.45","12' 1""","47.83","-","63.64",".00","50.00","54.55","80.00"
"5/13/2018","THE PLAYERS Championship","T57",".226","50.00","14' 1""","56.52","66.67","100.00","40.00","60.00","71.43","60.00"
"4/29/2018","Zurich Classic of New Orl","T28","-","-","-","-","-","-","-","-","-","-"
"4/8/2018","Masters Tournament","T5","-","60.00","-","62.50","-","-","-","-","-","-"
"3/25/2018","WGC-Dell Tech Match Play","1","-","-","-","-","-","-","-","-","-","-"
"3/18/2018","Arnold Palmer Invt'l","T66","-.483","55.56","13' 7""","58.33","100.00","40.00",".00","66.67","62.50","100.00"
"3/4/2018","WGC-Mexico Championship","T9","-1.298",".00","19' 6""","50.00","-","50.00","25.00",".00","40.00","83.33"
"2/18/2018","Genesis Open","1","1.084","50.00","15' 1""","69.23","100.00","75.00","50.00","66.67","71.43","100.00"
"2/11/2018","AT&T Pebble Beach","T35","-1.337","40.00","9' 5""","64.71","100.00","62.50","50.00",".00","33.33","75.00"
"2/4/2018","Waste Management Phoenix","T40","-.929","66.67","10' 4""","70.00","100.00","50.00","50.00","50.00","75.00","87.50"
"1/21/2018","CareerBuilder Challenge","CUT","-1.272","20.00","16' 3""","50.00","-","83.33","-","50.00",".00","100.00"
"12/10/2017","(*) QBE Shootout","T7","-","-","-","-","-","-","-","-","-","-"
"11/19/2017","The RSM Classic","67","-.693","42.86","17' 8""","50.00","100.00","37.50","16.67","33.33","60.00","100.00"
"11/5/2017","Shriners Hospitals","T51","-.191","50.00","9' 10""","52.00","75.00","57.14","66.67","20.00","58.33","100.00"
"9/4/2017","Dell Technologies Champ","T69","-.391",".00","25' 2""","40.91","100.00","71.43",".00","20.00","62.50","75.00"
"8/27/2017","THE NORTHERN TRUST","T10",".599","50.00","7' 3""","75.00","100.00","66.67","66.67","75.00","77.78","100.00"
"8/13/2017","PGA Championship","CUT","-1.612","57.14","13' 1""","35.29",".00","42.86",".00","33.33","50.00","66.67"
"8/6/2017","WGC-Bridgestone Invit'l","T17",".542","66.67","6' 2""","70.37","100.00","80.00","66.67","57.14","60.00","90.91"
"7/30/2017","RBC Canadian Open","T42",".295","50.00","12' 7""","64.29","100.00","80.00",".00","42.86","100.00","88.89"
"7/23/2017","The Open Championship","T27","-","85.71","-","60.00","-","-","-","-","-","-"
"7/16/2017","John Deere Classic","T44",".452","25.00","10' 6""","56.25","-","83.33","50.00","25.00","66.67","100.00"
"7/9/2017","The Greenbrier Classic","T70","-.779","28.57","16' 5""","56.25","100.00","50.00","37.50","12.50","75.00","100.00"
"6/25/2017","Travelers Championship","CUT","-.490","25.00","7' 2""","22.22",".00","50.00",".00","-",".00","66.67"
"6/18/2017","U.S. Open","CUT","-1.024",".00","12' 7""","46.67","100.00",".00","25.00","20.00","75.00","100.00"
"6/4/2017","the Memorial Tournament","T6",".348","38.46","9' 3""","47.83","100.00","42.86","100.00","100.00","10.00","80.00"
"5/14/2017","THE PLAYERS Championship","CUT",".054","50.00","17' 9""","47.06","-","33.33","20.00","50.00","40.00","100.00"
"4/30/2017","Zurich Classic of New Orl","T5","-","-","-","-","-","-","-","-","-","-"
"4/9/2017","Masters Tournament","CUT","-","66.67","-","52.63","-","-","-","-","-","-"
"3/26/2017","WGC-Dell Tech Match Play","T9","-","-","-","-","-","-","-","-","-","-"
"3/19/2017","Arnold Palmer Invt'l","T34","-.648","80.00","11' 5""","50.00","100.00","40.00","16.67","100.00","40.00","100.00"
"3/12/2017","Valspar Championship","CUT","1.607","83.33","5' 0""","62.50","33.33","57.14",".00","42.86","83.33","100.00"
"3/5/2017","WGC-Mexico Championship","T38","-1.155","20.00","20' 10""","67.65","85.71","66.67","50.00","33.33","62.50","90.91"
"2/19/2017","Genesis Open","W/D","-1.360","-","-","50.00","-","40.00","-","50.00","50.00","50.00"
"2/5/2017","Waste Management Phoenix","CUT","-.441","33.33","7' 7""","53.33","100.00","60.00",".00","66.67","50.00","100.00"
"1/8/2017","SBS Tournament of Champ","T25","-.626",".00","16' 3""","50.00","100.00","25.00",".00","50.00","42.86","100.00"
"12/4/2016","(*) Hero World Challenge","T6","-","-","-","-","-","-","-","-","-","-"
"10/30/2016","WGC-HSBC Champions","T54","-","100.00","-","50.00","-","-","-","-","-","-"
"9/25/2016","TOUR Championship","T10",".053","40.00","16' 4""","54.55","100.00","75.00","40.00","66.67","40.00","100.00"
"9/11/2016","BMW Championship","T20","-.544","66.67","12' 2""","68.18","100.00","64.29","-","33.33","60.00","100.00"
"9/5/2016","Deutsche Bank Champ","CUT",".911","60.00","3' 5""","64.29","-","55.56",".00","100.00","75.00","66.67"
"8/28/2016","The Barclays","T13",".033","83.33","5' 10""","44.44","50.00","33.33",".00","25.00","75.00","50.00"
"8/14/2016","(*) Olympic Men's Golf","T8","-","-","-","-","-","-","-","-","-","-"
"8/7/2016","Travelers Championship","T25","-.336","50.00","33' 4""","52.63","100.00","44.44","20.00","100.00","42.86","75.00"
"7/31/2016","PGA Championship","T60",".022","37.50","10' 1""","47.62","100.00","33.33","16.67","75.00","50.00","100.00"
"7/17/2016","The Open Championship","T39","-","28.57","-","39.29","-","-","-","-","-","-"
"7/3/2016","WGC-Bridgestone Invit'l","T14",".600","53.85","6' 6""","60.00","100.00","50.00",".00","57.14","54.55","88.89"
"6/19/2016","U.S. Open","T51","-","40.00","-","36.00","-","-","-","-","-","-"
"6/5/2016","the Memorial Tournament","T65","-.533","37.50","13' 2""","40.74","100.00","58.33","25.00","-","25.00","100.00"
"5/15/2016","THE PLAYERS Championship","T43","-.586","40.00","13' 10""","54.17","60.00","44.44","25.00","33.33","57.14","85.71"
"4/10/2016","Masters Tournament","T37","-","36.36","-","50.00","-","-","-","-","-","-"
"3/27/2016","WGC-Dell Match Play","T28","-","-","-","-","-","-","-","-","-","-"
"3/6/2016","WGC-Cadillac Championship","2",".706","66.67","5' 1""","50.00",".00","50.00","50.00","50.00","40.00","60.00"
"2/21/2016","Northern Trust Open","1",".094","50.00","6' 8""","76.19","100.00","60.00","100.00","40.00","81.82","100.00"
"2/14/2016","AT&T Pebble Beach","T70","-1.802","66.67","4' 0""","57.89","60.00","40.00",".00","50.00","60.00","-"
"2/7/2016","Waste Management Phoenix","T14",".194","42.86","11' 7""","42.11","100.00","33.33","20.00",".00","77.78",".00"
"1/10/2016","Hyundai T of C","T10",".073","37.50","8' 1""","63.64","100.00","75.00","40.00","100.00","50.00","100.00"
"12/6/2015","(*) Hero World Challenge","1","-","-","-","-","-","-","-","-","-","-"
"11/8/2015","WGC-HSBC Champions","T35","-","100.00","-","63.16","-","-","-","-","-","-"
"10/11/2015","(*) Presidents Cup","1","-","-","-","-","-","-","-","-","-","-"
"9/27/2015","TOUR Championship","T5",".055","66.67","7' 5""","68.97","66.67","90.00","50.00","50.00","63.64","100.00"
"9/20/2015","BMW Championship","T10","-.350",".00","10' 0""","46.67","100.00","50.00","50.00","66.67","42.86","50.00"
"9/7/2015","Deutsche Bank Champ","T29",".514","33.33","9' 1""","62.50","100.00","63.64","33.33","80.00","60.00","66.67"
"8/30/2015","The Barclays","3",".155","20.00","10' 1""","72.22","100.00","50.00","60.00","50.00","71.43","100.00"
"8/16/2015","PGA Championship","T21",".792","60.00","6' 0""","47.37","100.00","33.33","14.29",".00","75.00","100.00"
"8/9/2015","WGC-Bridgestone Invit'l","2","-.497",".00","17' 0""","60.00","100.00","60.00","33.33","100.00","66.67","50.00"
"7/26/2015","RBC Canadian Open","2",".133","60.00","14' 8""","35.29","-","33.33","16.67","50.00","40.00","50.00"
"7/19/2015","The Open Championship","CUT","-","33.33","-","37.50","-","-","-","-","-","-"
"7/5/2015","The Greenbrier Classic","T13","-.243",".00","9' 6""","68.75","100.00","66.67",".00","33.33","66.67","100.00"
"6/28/2015","Travelers Championship","1",".198","71.43","6' 5""","90.91","100.00","75.00","75.00","100.00","83.33","100.00"
"6/21/2015","U.S. Open","CUT","-",".00","-","28.57","-","-","-","-","-","-"
"5/10/2015","THE PLAYERS Championship","T42","-.083","16.67","11' 0""","54.17","66.67","83.33","25.00","50.00","66.67","80.00"
"5/3/2015","WGC-Cadillac Match Play","T17","-","-","-","-","-","-","-","-","-","-"
"4/12/2015","Masters Tournament","T38","-","42.86","-","47.83","-","-","-","-","-","-"
"3/8/2015","WGC-Cadillac Championship","3",".751","64.29","11' 2""","66.67","100.00","66.67","33.33","75.00","84.62","66.67"
"2/22/2015","Northern Trust Open","T14","-.451","75.00","6' 3""","70.59","100.00","58.33","25.00","33.33","86.67","100.00"
"2/1/2015","Waste Management Phoenix","T2",".044","87.50","5' 9""","82.61","66.67","100.00","50.00","100.00","88.89","80.00"
"1/12/2015","Hyundai T of C","10","-1.049","20.00","9' 7""","68.42","100.00","75.00","100.00","25.00","80.00","66.67"
"12/7/2014","(*) Hero World Challenge","T11","-","-","-","-","-","-","-","-","-","-"
"11/9/2014","WGC-HSBC Champions","1","-","-","-","61.11","-","-","-","-","-","-"
"10/15/2014","(*) PGA Grand Slam","2","-","-","-","-","-","-","-","-","-","-"
"9/28/2014","(*) Ryder Cup","-","-","-","-","-","-","-","-","-","-","-"
"9/14/2014","TOUR Championship","14","-.296",".00","15' 2""","42.86","100.00","44.44","20.00","50.00","42.86","75.00"
"9/7/2014","BMW Championship","2",".559","50.00","11' 0""","66.67","100.00","83.33","25.00","66.67","75.00","100.00"
"9/1/2014","Deutsche Bank Champ","T29","-.326","100.00","1' 8""","60.87","-","58.33","16.67","100.00","70.00","80.00"
"8/24/2014","The Barclays","T30","-.317","16.67","13' 9""","62.50","100.00","40.00","33.33","50.00","54.55","87.50"
"8/10/2014","PGA Championship","T64","-.199","57.14","7' 2""","63.33","100.00","75.00","20.00","57.14","77.78","100.00"
"8/3/2014","WGC-Bridgestone Invit'l","T37","-.127","66.67","7' 6""","58.33","100.00","50.00","25.00","83.33","70.00","33.33"
"7/20/2014","The Open Championship","CUT","-","40.00","-","50.00","-","-","-","-","-","-"
"7/6/2014","The Greenbrier Classic","T16",".478","100.00","3' 0""","57.14","100.00","41.67",".00",".00","71.43","66.67"
"6/22/2014","Travelers Championship","T31",".406","100.00","3' 5""","79.17","83.33","100.00","33.33","66.67","88.89","88.89"
"6/15/2014","U.S. Open","CUT","-","50.00","-","41.18","-","-","-","-","-","-"
"6/1/2014","the Memorial Tournament","3",".099","33.33","11' 11""","40.91","100.00","27.27","20.00","50.00","36.36","75.00"
"5/11/2014","THE PLAYERS Championship","T48",".439","46.15","10' 7""","40.91","75.00","60.00","20.00","50.00","55.56","50.00"
"4/13/2014","Masters Tournament","1","-","25.00","-","63.64","-","-","-","-","-","-"
"3/23/2014","Arnold Palmer Invt'l","W/D","-.836",".00","24' 3""","44.44","100.00","-",".00","100.00",".00","100.00"
"3/9/2014","WGC-Cadillac Championship","T2",".308","73.33","10' 9""","67.74","66.67","66.67","58.33","66.67","75.00","100.00"
"2/23/2014","WGC-Accenture Match Play","T9","-","-","-","-","-","-","-","-","-","-"
"2/16/2014","Northern Trust Open","1",".171","22.22","13' 3""","71.43","100.00","83.33","100.00","50.00","70.00","83.33"
"2/2/2014","Waste Management Phoenix","T2",".376","33.33","8' 4""","65.00","100.00","57.14","100.00","25.00","66.67","83.33"
"1/26/2014","Farmers Insurance Open","T23",".252","40.00","8' 2""","56.25","75.00","80.00",".00","-","80.00","100.00"
"12/8/2013","(*) World Challenge","T3","-","-","-","-","-","-","-","-","-","-"
"11/3/2013","WGC-HSBC Champions","T8","-","50.00","-","82.35","-","-","-","-","-","-"
"10/27/2013","CIMB Classic","T31","-","22.22","-","52.38","-","-","-","-","-","-"
"9/15/2013","BMW Championship","T24",".629","100.00","14' 9""","71.43","100.00","62.50",".00","66.67","80.00","71.43"
"9/2/2013","Deutsche Bank Champ","T67","-.418","60.00","7' 3""","52.38","66.67","44.44","60.00","33.33","37.50","80.00"
"8/25/2013","The Barclays","T13","-.527","50.00","6' 3""","60.00","85.71","100.00",".00","100.00","52.94","100.00"
"8/11/2013","PGA Championship","CUT","-","100.00","-","57.14","-","-","-","-","-","-"
"8/4/2013","WGC-Bridgestone Invit'l","T27","-.252","57.14","10' 0""","53.85","100.00","42.86","25.00",".00","66.67","100.00"
"7/28/2013","RBC Canadian Open","T21","-.416","25.00","8' 5""","36.36","100.00","42.86",".00",".00","50.00","100.00"
"7/21/2013","The Open Championship","T32","-",".00","-","44.44","-","-","-","-","-","-"
"7/7/2013","The Greenbrier Classic","T30",".035","20.00","17' 0""","60.87","100.00","57.14","50.00",".00","66.67","83.33"
"6/25/2013","(*) CVS Caremark Charity","T4","-","-","-","-","-","-","-","-","-","-"
"6/23/2013","Travelers Championship","4",".625",".00","-","69.57","100.00","71.43","50.00","50.00","69.23","100.00"
"6/16/2013","U.S. Open","T32","-","33.33","-","39.13","-","-","-","-","-","-"
"6/2/2013","the Memorial Tournament","T29",".053","42.86","13' 10""","47.83","100.00","55.56","22.22","-","70.00","50.00"
"5/12/2013","THE PLAYERS Championship","T37","-.950","33.33","12' 5""","30.43","100.00","14.29",".00","50.00",".00","83.33"
"5/5/2013","Wells Fargo Championship","CUT","-.099",".00","11' 9""","50.00","50.00","60.00","-","50.00","50.00","-"
"4/28/2013","Zurich Classic of New Orl","T15",".144","83.33","5' 6""","66.67","100.00","60.00","66.67","40.00","87.50","100.00"
"4/14/2013","Masters Tournament","T50","-","50.00","-","46.15","-","-","-","-","-","-"
"3/26/2013","(*) Tavistock Cup","T4","-","-","-","-","-","-","-","-","-","-"
"3/24/2013","Arnold Palmer Invt'l","T14",".008","57.14","10' 5""","62.50","60.00","83.33","50.00","83.33","63.64","66.67"
"3/10/2013","WGC-Cadillac Championship","T18",".575","45.45","8' 11""","65.38","100.00","71.43","16.67","100.00","76.92","100.00"
"2/24/2013","WGC-Accenture Match Play","T9","-","-","-","-","-","-","-","-","-","-"
"2/17/2013","Northern Trust Open","CUT",".150","40.00","18' 5""","56.25","75.00","60.00","33.33","33.33","62.50","100.00"
"2/3/2013","Waste Management Phoenix","15","-.563","60.00","8' 4""","60.00","100.00",".00","25.00","100.00","62.50","100.00"
"1/7/2013","Hyundai T of C","T4",".107","100.00","2' 5""","57.14","-","50.00","-","50.00","50.00","100.00"
"12/2/2012","(*) World Challenge","T9","-","-","-","-","-","-","-","-","-","-"
"11/4/2012","(*) WGC-HSBC Champions","33","-","-","-","-","-","-","-","-","-","-"
"10/24/2012","(*) PGA Grand Slam","T3","-","-","-","-","-","-","-","-","-","-"
"9/30/2012","(*) Ryder Cup","-","-","-","-","-","-","-","-","-","-","-"
"9/23/2012","TOUR Championship","T5","-.006","40.00","9' 11""","61.90","100.00","66.67","50.00","50.00","60.00","100.00"
"9/9/2012","BMW Championship","T12",".194",".00","9' 8""","77.27","100.00","80.00",".00","40.00","87.50","100.00"
"9/3/2012","Deutsche Bank Champ","CUT","-1.131","50.00","23' 4""","52.94","100.00","40.00",".00","50.00","50.00","62.50"
"8/26/2012","The Barclays","T10",".248","16.67","13' 5""","54.17","83.33","63.64","33.33","25.00","45.45","100.00"
"8/12/2012","PGA Championship","T11","-","-","-","60.87","-","-","-","-","-","-"
"8/5/2012","WGC-Bridgestone Invit'l","T19",".203",".00","26' 4""","50.00","100.00","50.00",".00","25.00","58.33","100.00"
"7/22/2012","The Open Championship","T23","-","33.33","-","48.15","-","-","-","-","-","-"
"6/24/2012","Travelers Championship","T2",".471","40.00","16' 1""","66.67","75.00","100.00","100.00","100.00","54.55","75.00"
"6/17/2012","U.S. Open","CUT","-","28.57","-","31.25","-","-","-","-","-","-"
"6/3/2012","the Memorial Tournament","CUT","-.461","66.67","6' 8""","64.71","100.00","66.67","-","-","60.00","83.33"
"4/29/2012","Zurich Classic of New Orl","T18","-.277","33.33","8' 1""","46.67","100.00","25.00",".00","50.00","44.44","100.00"
"4/8/2012","Masters Tournament","1","-","66.67","-","73.68","-","-","-","-","-","-"
"3/25/2012","Arnold Palmer Invt'l","T4",".442","37.50","6' 3""","55.56","100.00","42.86","100.00",".00","75.00","33.33"
"3/20/2012","(*) Tavistock Cup","T2","-","-","-","-","-","-","-","-","-","-"
"3/11/2012","WGC-Cadillac Championship","2","-.346","50.00","11' 6""","54.55","50.00","61.54",".00","50.00","72.73","100.00"
"2/26/2012","WGC-Accenture Match Play","T17","-","-","-","-","-","-","-","-","-","-"
"2/19/2012","Northern Trust Open","T13","-.046","100.00","1' 4""","64.29","75.00","70.00","25.00","33.33","68.75","100.00"
"2/5/2012","Waste Management Phoenix","T5",".145","33.33","16' 0""","52.94","75.00","37.50",".00","66.67","50.00","100.00"
"1/29/2012","Farmers Insurance Open","T13",".710","50.00","6' 7""","68.75","100.00","61.54","50.00","50.00","80.00","100.00"
"1/9/2012","Hyundai T of C","T18","-.016","50.00","8' 11""","15.38","-","16.67",".00","33.33",".00","50.00"
"12/4/2011","(*) Chevron World Challenge","T6","-","-","-","-","-","-","-","-","-","-"
"11/20/2011","(*) Presidents Cup","1","-","-","-","-","-","-","-","-","-","-"
"9/25/2011","TOUR Championship","T23","-1.324","36.36","14' 0""","47.83","-","62.50","25.00","25.00","62.50","66.67"
"9/18/2011","BMW Championship","T53","-.045","53.85","8' 11""","56.76","83.33","53.85","50.00","16.67","50.00","90.91"
"9/5/2011","Deutsche Bank Champ","T16",".065","66.67","9' 10""","64.29","100.00","64.29","40.00","25.00","66.67","90.00"
"8/28/2011","The Barclays","CUT",".578","33.33","10' 1""","62.50","100.00",".00","50.00",".00","66.67","100.00"
"8/14/2011","PGA Championship","T26","-","37.50","-","50.00","66.67","50.00","-","-","-","-"
"8/7/2011","WGC-Bridgestone Invit'l","T21",".076","20.00","9' 8""","55.56","100.00","66.67","50.00","33.33","66.67","66.67"
"7/17/2011","The Open Championship","T30","-","25.00","-","61.54","-","-","-","-","-","-"
"6/26/2011","Travelers Championship","T38","-.496","100.00","4' 2""","47.83","75.00","33.33",".00","100.00","53.85","50.00"
"6/19/2011","U.S. Open","T63","-","22.22","-","42.86","-","-","-","-","-","-"
"6/5/2011","the Memorial Tournament","T42","-.048","44.44","7' 6""","36.84","100.00","50.00",".00","33.33","42.86","66.67"
"5/15/2011","THE PLAYERS Championship","T45","-.391","40.00","8' 5""","40.00","50.00","50.00","50.00",".00","37.50","80.00"
"5/8/2011","Wells Fargo Championship","T48","-.892",".00","6' 8""","31.58","100.00","22.22",".00","50.00","14.29","66.67"
"5/1/2011","Zurich Classic of New Orl","1","-.308","25.00","6' 7""","71.43","100.00","100.00","100.00","33.33","66.67","100.00"
"4/10/2011","Masters Tournament","T38","-","50.00","-","40.00","-","-","-","-","-","-"
"3/27/2011","Arnold Palmer Invt'l","T24",".204",".00","19' 8""","50.00","100.00","42.86",".00","28.57","71.43","100.00"
"3/20/2011","Transitions Championship","T28","-.220","50.00","12' 0""","52.17","100.00","53.85",".00","60.00","50.00","100.00"
"3/13/2011","WGC-Cadillac Championship","DNS","-","-","-","-","-","-","-","-","-","-"
"2/27/2011","WGC-Accenture Match Play","4","-","-","-","-","-","-","-","-","-","-"
"2/20/2011","Northern Trust Open","W/D","-4.849",".00","53' 8""","30.00","50.00","25.00","-",".00","50.00","50.00"
"2/6/2011","Waste Management Phoenix","T29","-.057","37.50","11' 9""","64.71","100.00","100.00","33.33","66.67","75.00","100.00"
"1/30/2011","Farmers Insurance Open","1","-.062","80.00","10' 2""","61.54","100.00","42.86",".00","-","50.00","100.00"
"1/23/2011","Bob Hope Classic","CUT",".184","40.00","5' 4""","68.42","100.00","83.33",".00","33.33","100.00","-"
"1/9/2011","Hyundai T of C","T25","-.310","50.00","12' 8""","16.67","-","20.00",".00",".00","50.00","100.00"
"12/12/2010","(*) The Shark Shootout","T10","-","-","-","-","-","-","-","-","-","-"
"12/5/2010","(*) Chevron World Challenge","T14","-","-","-","-","-","-","-","-","-","-"
"11/9/2010","(*) Wendy's 3-Tour Challenge","T1","-","-","-","-","-","-","-","-","-","-"
"10/3/2010","(*) Ryder Cup","-","-","-","-","-","-","-","-","-","-","-"
"9/26/2010","THE TOUR Championship","T17","-1.109","66.67","9' 10""","47.62","-","37.50",".00","50.00","42.86","60.00"
"9/12/2010","BMW Championship","T50","-.354","23.08","14' 8""","41.94",".00","37.50","22.22","33.33","58.33","50.00"
"9/6/2010","Deutsche Bank Champ","T37",".665","57.14","5' 10""","67.74","100.00","75.00","50.00","42.86","70.00","90.00"
"8/29/2010","The Barclays","T31","-.696","57.14","15' 0""","75.00","100.00","62.50","100.00",".00","50.00","88.89"
"8/15/2010","PGA Championship","2","-",".00","-","63.64","100.00","66.67","-","-","-","-"
"8/8/2010","WGC-Bridgestone Invit'l","T22","-.351","40.00","10' 11""","57.14","100.00","64.29","33.33","33.33","53.33","85.71"
"7/18/2010","The Open Championship","CUT","-","-","-","37.50","-","-","-","-","-","-"
"7/11/2010","John Deere Classic","CUT","-.456","-","-","57.14","100.00","33.33","50.00","33.33","100.00","100.00"
"6/29/2010","(*) CVS Caremark Charity","T6","-","-","-","-","-","-","-","-","-","-"
"6/27/2010","Travelers Championship","1",".617","75.00","6' 8""","66.67","100.00","25.00",".00","50.00","71.43","88.89"
"6/6/2010","the Memorial Tournament","T33","-.535","50.00","7' 7""","39.13","100.00","40.00","20.00","100.00","33.33","42.86"
"5/9/2010","THE PLAYERS Championship","CUT",".027","100.00","6' 5""","61.54","50.00","66.67",".00","33.33","75.00","100.00"
"5/2/2010","Quail Hollow Championship","T22","-.414","20.00","22' 8""","29.41","100.00","33.33",".00",".00","28.57","75.00"
"4/25/2010","Zurich Classic of New Orl","T43",".303",".00","15' 5""","48.15","100.00","42.86","22.22","71.43","50.00","100.00"
"4/4/2010","Shell Houston Open","T14",".233","50.00","13' 3""","69.57","100.00","50.00","57.14","50.00","50.00","100.00"
"3/28/2010","Arnold Palmer Invt'l","CUT",".448","71.43","6' 2""","47.06","66.67",".00","16.67","50.00","83.33","50.00"
"3/21/2010","Transitions Championship","3",".365","80.00","8' 3""","73.91","100.00","78.57","33.33","50.00","81.82","100.00"
"3/7/2010","The Honda Classic","T56","-1.008","42.86","6' 8""","55.00","100.00","57.14","66.67",".00","55.56","100.00"
"2/28/2010","Waste Management Phoenix","T36",".235","33.33","9' 1""","55.00","75.00","66.67",".00","33.33","50.00","100.00"
"2/7/2010","Northern Trust Open","CUT","-.706","33.33","10' 3""","52.94","100.00","44.44","100.00","50.00","25.00","100.00"
"1/31/2010","Farmers Insurance Open","CUT","-1.615","28.57","15' 7""","25.00","-","50.00","-","33.33",".00",".00"
"1/24/2010","Bob Hope Classic","T2",".829","50.00","5' 9""","75.00","50.00","85.71","-","-","66.67","100.00"
"1/17/2010","Sony Open in Hawaii","T46","-.429","44.44","11' 2""","47.83","66.67","71.43","28.57","20.00","66.67","80.00"
"11/10/2009","(*) Wendy's 3-Tour Challenge","T3","-","-","-","-","-","-","-","-","-","-"
"10/25/2009","Frys.com Open","CUT","-.055","40.00","10' 6""","50.00","100.00","50.00","25.00","50.00","50.00","100.00"
"9/13/2009","BMW Championship","T15","-.466","61.54","10' 4""","57.14","100.00","66.67",".00","66.67","58.33","75.00"
"9/7/2009","Deutsche Bank Champ","T32",".581","60.00","24' 10""","65.22","100.00","85.71","20.00","50.00","85.71","87.50"
"8/30/2009","The Barclays","CUT",".419",".00","17' 10""","55.56","100.00","66.67","14.29","50.00","100.00","100.00"
"8/23/2009","Wyndham Championship","CUT",".392","50.00","7' 2""","42.86","100.00","50.00",".00","50.00","100.00","-"
"8/16/2009","PGA Championship","CUT","-","33.33","-","26.67",".00","28.57","-","-","-","-"
"7/26/2009","RBC Canadian Open","CUT","-.634",".00","13' 10""","30.77","-","14.29","50.00","100.00","20.00",".00"
"7/19/2009","The Open Championship","CUT","-","50.00","-","43.75","-","-","-","-","-","-"
"7/5/2009","AT&T National","W/D","-","-","-","-","-","-","-","-","-","-"
"6/28/2009","Travelers Championship","T14",".121","50.00","7' 8""","65.00","100.00","60.00","20.00","100.00","71.43","100.00"
"6/21/2009","U.S. Open Championship","T18","-","72.73","-","60.61","-","-","-","-","-","-"
"6/7/2009","the Memorial Tournament","T23",".088","21.43","11' 9""","48.39","75.00","66.67","14.29","100.00","50.00","75.00"
"5/10/2009","THE PLAYERS Championship","T37",".875","25.00","11' 9""","48.00","75.00","60.00","33.33",".00","61.54","60.00"
"5/3/2009","Quail Hollow Championship","T2","-.418","20.00","25' 7""","41.18","66.67","50.00","25.00","25.00","57.14","50.00"
"4/26/2009","Zurich Classic of New Orl","CUT",".196",".00","3' 6""","44.44","-",".00",".00","100.00","66.67","100.00"
"4/12/2009","Masters Tournament","42","-","42.86","-","46.67","-","-","-","-","-","-"
"3/29/2009","Arnold Palmer Invt'l","CUT","-1.328","75.00","8' 7""","61.11","100.00","42.86","25.00",".00","62.50","100.00"
"3/22/2009","Transitions Championship","CUT","-.583","33.33","9' 5""","57.14","100.00","60.00","50.00",".00","57.14","100.00"
"3/15/2009","WGC-CA Championship","72","-1.082","40.00","13' 6""","52.94","100.00","52.94",".00","50.00","71.43","100.00"
"2/22/2009","Northern Trust Open","T17",".344","75.00","6' 3""","73.08",".00","76.92",".00","50.00","80.00","83.33"
"2/8/2009","Buick Invitational","T7",".420","33.33","12' 5""","50.00","66.67","46.15",".00","60.00","60.00","85.71"
"2/1/2009","FBR Open","T25",".787","58.33","10' 0""","62.07","100.00","50.00","16.67","80.00","64.29","100.00"
"1/25/2009","The 50th Bob Hope Classic","T25",".235","100.00","9' 10""","62.50","100.00","62.50",".00","100.00","100.00","66.67"
"1/18/2009","Sony Open in Hawaii","CUT",".333","40.00","6' 11""","66.67","100.00","100.00","50.00",".00","100.00","100.00"
"11/9/2008","Children's Miracle-Disney","CUT","-.299","100.00","1' 5""","62.50","66.67","100.00",".00","-","50.00","100.00"
"10/26/2008","Frys.com Open","T34","-.412","25.00","14' 6""","68.42","100.00","100.00","100.00","40.00","75.00","100.00"
"9/28/2008","THE TOUR Championship","30","-.957","45.45","14' 0""","44.44","75.00","47.06","12.50","50.00","42.86","85.71"
"9/7/2008","BMW Championship","T28",".397","60.00","7' 5""","64.00","100.00","72.73","25.00","100.00","66.67","100.00"
"9/1/2008","Deutsche Bank Champ","T44","-.682","25.00","13' 1""","48.00","50.00","72.73",".00","66.67","36.36","85.71"
"8/24/2008","The Barclays","T12","-.040","40.00","8' 6""","76.19","100.00","66.67","100.00","50.00","57.14","88.89"
"8/17/2008","Wyndham Championship","CUT","-.020",".00","16' 3""","57.14",".00","50.00",".00","33.33","100.00","100.00"
"8/10/2008","PGA Championship","70","-","40.00","-","46.15","-","-","-","-","-","-"
"7/27/2008","RBC Canadian Open","CUT",".052","40.00","13' 1""","53.85","100.00","57.14","50.00","100.00","50.00","50.00"
"7/13/2008","John Deere Classic","T41","-.023","20.00","8' 9""","55.00","60.00","83.33","50.00",".00","55.56","100.00"
"6/29/2008","Buick Open","T2",".271","66.67","3' 3""","73.33","100.00","66.67","100.00","60.00","66.67","100.00"
"6/24/2008","(*) CVS/Caremark Charity","T1","-","-","-","-","-","-","-","-","-","-"
"6/22/2008","Travelers Championship","T6","1.000","80.00","4' 6""","77.78","100.00","77.78","50.00","75.00","76.92","87.50"
"6/15/2008","U.S. Open Championship","CUT","-",".00","-","40.00","-","-","-","-","-","-"
"6/1/2008","the Memorial Tournament","CUT","-.441","50.00","12' 6""","40.00","100.00","25.00",".00",".00","75.00","50.00"
"5/25/2008","Crowne Plaza Invitational","72","-.661","33.33","10' 10""","43.48","100.00","50.00",".00","40.00","20.00","77.78"
"5/18/2008","AT&T Classic","T11",".301","33.33","10' 4""","57.14","100.00","100.00","100.00","25.00","75.00","100.00"
"5/11/2008","THE PLAYERS Championship","CUT",".003","50.00","5' 6""","46.15","100.00","40.00",".00","66.67","80.00",".00"
"5/4/2008","Wachovia Championship","CUT","-.478","28.57","13' 4""","45.45","-","50.00","50.00","33.33","60.00",".00"
"4/13/2008","Masters Tournament","T20","-","37.50","-","42.31","-","-","-","-","-","-"
"4/6/2008","Shell Houston Open","T57",".525","50.00","8' 11""","45.83","100.00","25.00",".00","66.67","70.00","66.67"
"3/30/2008","Zurich Classic of New Orl","T70",".147","50.00","7' 5""","52.00",".00","50.00","20.00","62.50","71.43","66.67"
"3/16/2008","Arnold Palmer Invt'l","T8","-.527","20.00","14' 1""","52.38","100.00","50.00","50.00","33.33","66.67","100.00"
"3/9/2008","PODS Championship","CUT",".298","100.00","6' 2""","50.00","-","50.00","40.00",".00","60.00","66.67"
"2/24/2008","Mayakoba Golf Classic","CUT","-","-","-","-","-","-","-","-","-","-"
"2/17/2008","Northern Trust Open","T14",".106","16.67","13' 3""","60.00","77.78","37.50",".00","100.00","56.25","100.00"
"2/3/2008","FBR Open","CUT",".087","66.67","6' 8""","58.33",".00","66.67","33.33","100.00","66.67",".00"
"1/27/2008","Buick Invitational","T47",".454","42.86","7' 0""","53.85","66.67","61.11","100.00","50.00","40.00","66.67"
"1/20/2008","Bob Hope Chrysler Classic","T26","-.032","44.44","6' 3""","68.42","87.50","60.00","-","-","100.00","80.00"
"1/13/2008","Sony Open in Hawaii","T50","-.467","30.00","9' 8""","58.33","100.00","50.00","25.00","50.00","60.00","83.33"
"12/9/2007","(*) Merrill Lynch Shootout","T2","-","-","-","-","-","-","-","-","-","-"
"11/13/2007","(*) Wendy's 3 Tour Challe","T2","-","-","-","-","-","-","-","-","-","-"
"11/5/2007","(*) ADT Skills Challenge","T2","-","-","-","-","-","-","-","-","-","-"
"11/4/2007","Children's Miracle-Disney","T83",".024","42.86","9' 7""","59.26","75.00","54.55","25.00","40.00","72.73","75.00"
"10/21/2007","Fry's Electronics Open","CUT","-.859","33.33","10' 11""","40.00","100.00","40.00","33.33",".00","40.00","100.00"
"10/14/2007","Frys.com Open","T14","1.241","50.00","3' 11""","64.29","66.67","50.00","100.00","100.00",".00","66.67"
"9/9/2007","BMW Championship","T18","-.269","66.67","7' 6""","61.90","100.00","60.00","42.86","50.00","75.00","75.00"
"9/3/2007","Deutsche Bank Champ","CUT","-.802",".00","13' 0""","53.85","100.00","50.00",".00","-","50.00","83.33"
"8/26/2007","The Barclays","CUT","-2.229","40.00","20' 5""","61.54","66.67","50.00","-","50.00","50.00","100.00"
"8/12/2007","PGA Championship","CUT","-","42.86","-","28.57","-","-","-","-","-","-"
"7/29/2007","Canadian Open","76","-.519","42.86","11' 8""","48.15","100.00","55.56","14.29","50.00","57.14","85.71"
"7/15/2007","John Deere Classic","DQ","-1.773","100.00","21' 8""","57.14","-","100.00",".00","-","80.00","-"
"7/8/2007","AT&T National","CUT","-.202",".00","12' 6""","40.00","100.00","50.00","50.00",".00","100.00","-"
"6/17/2007","U.S. Open Championship","T5","-","50.00","-","53.57","-","-","-","-","-","-"
"6/10/2007","Stanford St. Jude Champ","CUT",".258","66.67","7' 2""","55.56","100.00","66.67",".00","-","60.00","100.00"
"6/3/2007","the Memorial Tournament","T23",".246","100.00","5' 9""","50.00","100.00","36.36",".00",".00","57.14","100.00"
"5/13/2007","THE PLAYERS Championship","CUT",".023","100.00","3' 11""","47.06","-","42.86","42.86","100.00","42.86","100.00"
"5/6/2007","Wachovia Championship","W/D","-.316",".00","17' 10""","68.42","100.00","63.64","60.00","33.33","75.00","100.00"
"4/22/2007","Zurich Classic of New Orl","T5","-.218","50.00","11' 6""","73.91","100.00","25.00","25.00","66.67","71.43","100.00"
"4/15/2007","Verizon Heritage","CUT","-1.441","50.00","10' 1""","63.64","100.00","75.00",".00","50.00","83.33","66.67"
"4/1/2007","Shell Houston Open","T2","-.105","50.00","17' 0""","56.25","100.00","75.00","16.67","100.00","75.00","75.00"
"3/18/2007","Arnold Palmer Invt'l","CUT",".030","66.67","18' 9""","68.75","100.00","50.00","50.00","-","71.43","100.00"
"3/11/2007","PODS Championship","T19",".104","83.33","4' 10""","70.37","100.00","75.00","50.00","50.00","70.00","100.00"
"2/18/2007","Nissan Open","CUT","-.307","20.00","14' 5""","27.27","-",".00",".00","33.33","33.33","-"
"2/11/2007","AT&T Pebble Beach","T44","-.961","28.57","9' 2""","45.00","100.00","50.00",".00","50.00","40.00","-"
"2/4/2007","FBR Open","T8","1.087","100.00","4' 4""","77.27","100.00","75.00","50.00","60.00","87.50","100.00"
"1/28/2007","Buick Invitational","T4","-.512","45.45","9' 0""","52.94","100.00",".00","50.00","25.00","40.00","100.00"
"1/21/2007","Bob Hope Chrysler Classic","CUT","-.210","70.00","8' 9""","57.69","80.00","50.00","25.00","100.00","33.33","100.00"
"1/14/2007","Sony Open in Hawaii","T48","-.075","57.14","11' 3""","58.62","100.00","62.50",".00","55.56","88.89","100.00"
"10/29/2006","Chrysler Championship","CUT","-.813","28.57","9' 11""","44.44",".00","57.14","25.00","66.67","16.67","100.00"
"10/22/2006","FUNAI Classic-Disney","T43","-.076","50.00","13' 4""","55.00","100.00","37.50","75.00",".00","33.33","100.00"
"10/15/2006","Frys.com Open","T44","-.096",".00","10' 9""","46.67","100.00","42.86",".00",".00","50.00","100.00"
"10/8/2006","Chrysler-Greensboro","T31",".492","66.67","7' 8""","73.33","100.00","40.00","50.00","50.00","77.78","100.00"
"9/10/2006","Canadian Open","T14","-.406",".00","25' 5""","45.45","100.00","50.00",".00","14.29","40.00","100.00"
"9/4/2006","Deutsche Bank Champ","T12","-.428","66.67","3' 11""","66.67","100.00","69.23","33.33","33.33","81.82","83.33"
"8/27/2006","Reno-Tahoe Open","CUT",".000","33.33","7' 6""","68.75","100.00","75.00",".00","100.00","71.43","66.67"
"8/13/2006","The INTERNATIONAL","T6","-","-","-","-","-","-","-","-","-","-"
"7/30/2006","U.S. Bank in Milwaukee","T45",".407","66.67","8' 5""","68.18","80.00","66.67","33.33","50.00","88.89","80.00"
"7/23/2006","B.C. Open","CUT","-","40.00","-","60.00","100.00","60.00","-","-","-","-"
"7/16/2006","John Deere Classic","T17",".299","75.00","9' 1""","66.67","100.00","33.33","60.00","50.00","50.00","80.00"
"7/9/2006","Cialis Western Open","CUT","-.113","50.00","4' 0""","75.00","100.00","87.50","75.00",".00","80.00","100.00"
"7/2/2006","Buick Championship","CUT",".038","33.33","6' 6""","62.50","85.71","25.00",".00","33.33","57.14","100.00"
"6/11/2006","Barclays Classic","CUT","-1.577","33.33","21' 10""","38.46",".00","37.50","33.33","100.00","40.00",".00"
"6/4/2006","the Memorial Tournament","T34","-.530","33.33","9' 7""","40.91","100.00","30.00","50.00","50.00","33.33","66.67"
"5/21/2006","Bank of America Colonial","CUT","-.897","60.00","18' 3""","46.15","60.00","50.00",".00","33.33","75.00","50.00"
"5/7/2006","Wachovia Championship","CUT","-.234","40.00","6' 4""","61.11","100.00","50.00","33.33","50.00","66.67","100.00"
"4/30/2006","Zurich Classic of New Orl","T31","-.523","28.57","16' 1""","55.56","100.00","50.00",".00","50.00","66.67","57.14"
"4/23/2006","Shell Houston Open","CUT",".762","50.00","12' 3""","46.67","100.00","42.86","33.33","50.00","40.00","100.00"
"4/2/2006","BellSouth Classic","CUT","-1.251",".00","11' 3""","23.08","-",".00",".00",".00","33.33","50.00"
"3/19/2006","Bay Hill Invitational","T34",".398","50.00","7' 6""","56.52","66.67","44.44","25.00","25.00","60.00","100.00"
"3/12/2006","The Honda Classic","W/D","-","-","-","-","-","-","-","-","-","-"
"3/5/2006","Ford Championship @ Doral","T59","-.300","45.45","10' 11""","65.38","100.00","44.44","50.00","75.00","53.85","100.00"
"2/26/2006","Chrysler Classic Tucson","T3","-.154","75.00","11' 7""","100.00","100.00","100.00","100.00","-","100.00","100.00"
"2/12/2006","AT&T Pebble Beach","CUT",".322","62.50","5' 6""","66.67","100.00","42.86","-","100.00","60.00","-"
"1/29/2006","Buick Invitational","T56","-.478","33.33","12' 5""","52.63","100.00","50.00","33.33","100.00","33.33","80.00"
"1/15/2006","Sony Open in Hawaii","4",".377","25.00","12' 0""","61.11","75.00","71.43","50.00","75.00","66.67",".00"
"6/20/2004","U.S. Open Championship","CUT","-","14.29","-","63.64","-","-","-","-","-","-"
"12/9/2002","(*) PGA TOUR Qualifying Tourn","T87","-","-","-","-","-","-","-","-","-","-"
"5/5/2002","Compaq Classic of New Or","CUT","-","33.33","15' 11""","44.44","75.00","40.00",".00",".00","60.00","-"